1 1
2 1
3 2
4 3
5 4
6 5
7 6
8 7
9 8
10 9
11 10
12 11
13 12
14 1
15 1
16 2
17 3
18 4
19 5
20 6
21 7
22 8
23 9
24 10
25 11
26 12
27 1
28 1
29 2
30 3
31 4
32 5
33 6
34 7
35 8
36 9
37 10
38 11
39 12
40 1
41 1
42 2
43 3
44 4
45 6
46 7
47 8
48 9
49 10
50 11
51 12
52 1
53 2
54 3
55 4
56 5
57 6
58 7
59 8
60 9
61 10
62 11
63 12
64 1
65 1
66 2
67 3
68 4
69 6
70 8
71 9
72 10
73 12
74 1
75 1
76 2
77 3
78 5
79 6
80 8
81 10
82 11
83 12
84 1
85 1
86 2
87 3
88 4
89 5
90 6
91 7
92 8
93 9
94 11
95 1
96 1
97 2
98 3
99 5
100 6
101 8
102 10
103 11
104 12
105 1
106 2
107 3
108 4
109 5
110 6
111 7
112 8
113 9
114 10
115 11
116 1
117 2
118 3
119 4
120 5
121 7
122 8
123 12
124 2
125 1
126 2
127 3
128 4
129 5
130 6
131 7
132 8
133 11
134 12
135 2
136 3
137 4
138 5
139 6
140 7
141 8
142 10
143 1
144 2
145 2
146 3
147 4
148 5
149 6
150 7
151 10
152 11
153 1
154 2
155 2
156 3
157 4
158 5
159 6
160 8
161 9
162 11
163 1
164 2
165 3
166 4
167 6
168 2
169 1
170 2
171 3
172 4
173 7
174 8
175 11
176 1
177 2
178 2
179 3
180 4
181 5
182 7
183 8
184 2
185 2
186 3
187 6
188 8
189 2
190 1
191 2
192 3
193 4
194 6
195 8
196 3
197 1
198 4
199 5
200 8
201 1
202 2
203 3
204 4
205 5
206 6
207 8
208 9
209 10
210 3
211 1
212 3
213 4
214 11
215 12
216 1
217 2
218 3
219 4
220 5
221 8
222 9
223 11
224 1
225 2
226 3
227 4
228 6
229 7
230 8
231 11
232 1
233 2
234 3
235 4
236 5
237 6
238 8
239 9
240 1
241 3
242 3
243 4
244 2
245 3
246 6
247 7
248 3
249 1
250 2
251 3
252 4
253 11
254 1
255 3
256 2
257 3
258 4
259 5
260 7
261 11
262 1
263 4
264 2
265 3
266 4
267 5
268 12
269 1
270 2
271 3
272 4
273 5
274 9
275 4
276 1
277 2
278 3
279 5
280 12
281 4
282 1
283 2
284 3
285 4
286 5
287 1
288 3
289 6
290 7
291 8
292 1
293 4
294 2
295 4
296 8
297 11
298 4
299 3
300 4
301 6
302 8
303 1
304 4
305 5
306 8
307 11
308 2
309 3
310 4
311 1
312 2
313 3
314 5
315 8
316 12
317 5
318 1
319 3
320 8
321 1
322 2
323 3
324 5
325 1
326 2
327 5
328 2
329 3
330 4
331 5
332 1
333 2
334 3
335 5
336 6
337 8
338 4
339 8
340 1
341 2
342 3
343 4
344 5
345 2
346 6
347 5
348 1
349 3
350 5
351 6
352 1
353 5
354 2
355 4
356 5
357 1
358 2
359 3
360 4
361 5
362 9
363 1
364 2
365 5
366 8
367 6
368 1
369 4
370 11
371 6
372 1
373 5
374 6
375 1
376 4
377 1
378 2
379 3
380 4
381 2
382 4
383 8
384 11
385 2
386 4
387 5
388 1
389 2
390 6
391 2
392 5
393 4
394 8
395 1
396 2
397 1
398 2
399 5
400 6
401 3
402 5
403 8
404 1
405 2
406 6
407 11
408 6
409 6
410 3
411 3
412 1
413 3
414 2
415 3
416 6
417 1
418 10
419 8
420 1
421 3
422 6
423 1
424 1
425 5
426 1
427 2
428 3
429 4
430 3
431 1
432 5
433 1
434 2
435 3
436 11
437 1
438 2
439 3
440 4
441 1
442 1
443 3
444 1
445 5
446 5
447 1
448 2
449 1
450 5
451 6
452 2
453 5
454 11
455 3
456 11
457 1
458 3
459 5
460 1
461 2
462 3
463 4
464 1
465 3
466 1
467 2
468 3
469 1
470 3
471 4
472 5
473 2
474 5
475 1
476 2
477 1
478 1
479 5
480 2
481 3
482 4
483 1
484 3
485 1
486 1
487 3
488 4
489 5
490 6