1 1 0.3333
2 2 0.8571
3 3 0.8571
4 4 1
5 5 0.5
6 6 0.5
7 7 0.8
8 8 1
9 9 0.4
10 10 0.25
11 11 0.8571
12 12 1
13 13 0.25
14 14 0.75
15 15 1
16 16 0.8571
17 17 0
18 18 0.5
19 19 1
20 20 0.8571
21 21 0.6
22 22 0.75
23 23 0.5
24 24 0.6667
25 25 0.5
26 26 1
27 27 1
28 28 1
29 29 0.6
30 30 0
31 31 1
32 32 1
33 33 0.8571
34 34 0.7143
35 35 0.8571
36 36 0.8571
37 37 1
38 38 0.8571
39 39 0.6667
40 40 0.6667
41 41 1
42 42 1
43 43 0.8571
44 44 0.6667
45 45 0.6667
46 46 1
47 47 0.8571
48 48 0.8571
49 49 0.6
50 50 0.8571
51 51 1
52 52 1
53 53 0.4
54 54 1
55 55 0.8571
56 56 0.6667
57 57 0.6
58 58 0.8571
59 59 0.8571
60 60 0.8
61 61 1
62 62 1
63 63 0.6
64 64 0.8571
65 65 0.8571
66 66 1
67 67 0.8571
68 68 0.6
69 69 0.8571
70 70 0.6
71 71 0.8571
72 72 0.8571
73 73 0.6667
74 74 1
75 75 0.8571
76 76 0.8571
77 77 1
78 78 0.7143
79 79 0.7143
80 80 1
81 81 0.8571
82 82 1
83 83 1
84 84 0.6667
85 85 1
86 86 0.8571
87 87 0.8571
88 88 1
89 89 0.7143
90 90 0.8571
91 91 0.8571
92 92 0.8571
93 93 1
94 94 0.8571
95 95 1
96 96 1
97 97 1
98 98 0.8571
99 99 0.8571
100 100 1
101 101 1
102 102 1
103 103 0.8571
104 104 0.6667
105 105 0.8571
106 106 0.8571
107 107 1
108 108 0.7143
109 109 0.8571
110 110 0.8571
111 111 0.8571
112 112 1
113 113 1
114 114 1
115 115 0.8571
116 116 0.8571
117 117 0.8333
118 118 0.8571
119 119 0.8571
120 120 1
121 121 1
122 122 0.3333
123 123 0.8
124 124 1
125 125 0.5
126 126 0.6667
127 127 1
128 128 0.6667
129 129 1
130 130 0.8
131 131 1
132 132 0.8571
133 133 0.8
134 134 0.5
135 135 0.6667
136 136 0.6667
137 137 1
138 138 0.6667
139 139 0
140 140 0
141 141 1
142 142 0.8571
143 143 1
144 144 0.5
145 145 1
146 146 1
147 147 0
148 148 1
149 149 0.8571
150 150 0.8571
151 151 0.8571
152 152 0.5
153 153 1
154 154 1
155 155 1
156 156 0.8571
157 157 0
158 158 0.8333
159 159 1
160 160 1
161 161 0.7143
162 162 1
163 163 1
164 164 0.8571
165 165 0.75
166 166 1
167 167 1
168 168 1
169 169 0.6667
170 170 0
171 171 0.6
172 172 1
173 173 0.6667
174 174 0.8571
175 175 0.6667
176 176 0.7143
177 177 0.6
178 178 0.8571
179 179 0.5
180 180 0
181 181 1
182 182 1
183 183 1
184 184 0.5
185 185 0.8571
186 186 0.8571
187 187 1
188 188 0
189 189 0.5
190 190 1
191 191 0.5
192 192 0.25
193 193 0.6667
194 194 0.6667
195 195 0.6667
196 196 0.8571
197 197 1
198 198 1
199 199 0
200 200 0.6
201 201 0.8571
202 202 0.5714
203 203 0.8571
204 204 0.8571
205 205 1
206 206 1
207 207 0.6
208 208 0.6667
209 209 0.8571
210 210 0.8571
211 211 0.8571
212 212 0.6667
213 213 0.6667
214 214 1
215 215 1
216 216 0.8333
217 217 1
218 218 0.8571
219 219 1
220 220 1
221 221 1
222 222 1
223 223 1
224 224 1
225 225 0.6
226 226 1
227 227 1
228 228 1
229 229 0.8571
230 230 0.8571
231 231 0.8
232 232 0.5714
233 233 0.8571
234 234 1
235 235 1
236 236 0.8571
237 237 0.6
238 238 0.5
239 239 1
240 240 1
241 241 1
242 242 0.6667
243 243 1
244 244 1
245 245 1
246 246 0.3333
247 247 1
248 248 0.6667
249 249 0.8333
250 250 1
251 251 1
252 252 0.6
253 253 0.8571
254 254 1
255 255 0.5
256 256 0.7143
257 257 0.8571
258 258 0.6
259 259 0.8571
260 260 0.8571
261 261 0.6667
262 262 1
263 263 1
264 264 1
265 265 0.6667
266 266 0.8333
267 267 0.6667
268 268 0.8571
269 269 1
270 270 1
271 271 0.5
272 272 1
273 273 1
274 274 0.6667
275 275 0.25
276 276 0.6667
277 277 1
278 278 1
279 279 0.8333
280 280 1
281 281 0.5
282 282 0.8571
283 283 0.6
284 284 0.6667
285 285 0.7143
286 286 1
287 287 0.8
288 288 1
289 289 0.8571
290 290 0.6667
291 291 0.75
292 292 0.8
293 293 0
294 294 1
295 295 0.5
296 296 0.5
297 297 0.8571
298 298 0.6
299 299 1
300 300 0.8571
301 301 0.7143
302 302 0.7143
303 303 1
304 304 0.5
305 305 0.8571
306 306 0.5
307 307 0.8
308 308 0.8571
309 309 0
310 310 0.5
311 311 0.5
312 312 0
313 313 1
314 314 0.5714
315 315 0
316 316 0.5
317 317 0.75
318 318 0.5
319 319 0.6667
320 320 1
321 321 0
322 322 1
323 323 1
324 324 0
325 325 0.6667
326 326 0.5
327 327 1
328 328 1
329 329 1
330 330 0.7143
331 331 0
332 332 1
333 333 0.6
334 334 1
335 335 0.8571
336 336 0
337 337 0.8
338 338 0
339 339 1
340 340 1
341 341 1
342 342 0.5
343 343 0.6667
344 344 0.5
345 345 0
346 346 0.6667
347 347 0.5
348 348 0.8571
349 349 0.5
350 350 1
351 351 1
352 352 1
353 353 0.5
354 354 0.6667
355 355 0.6
356 356 0
357 357 0.6667
358 358 0.8571
359 359 1
360 360 1
361 361 0
362 362 0.3333
363 363 1
364 364 0.3333
365 365 0.5
366 366 1
367 367 1
368 368 1
369 369 0.5
370 370 0.3333
371 371 0.5
372 372 0.8571
373 373 1
374 374 1
375 375 1
376 376 1
377 377 1
378 378 0.6667
379 379 0.75
380 380 0
381 381 0.25
382 382 1
383 383 0.75
384 384 1
385 385 1
386 386 0.5
387 387 0.5
388 388 0
389 389 1
390 390 0.25
391 391 1
392 392 0
393 393 0.6
394 394 0.5
395 395 1
396 396 0.5
397 397 0.6667
398 398 0
399 399 0
400 400 0
401 401 0.6667
402 402 1
403 403 1
404 404 0.3333
405 405 1
406 406 0
407 407 0.8571
408 408 0.6667
409 409 0.8571
410 410 0.5
411 411 1
412 412 1
413 413 0
414 414 0.8333
415 415 0
416 416 1
417 417 0.5
418 418 0.5
419 419 1
420 420 1
421 421 0
422 422 1
423 423 0
424 424 1
425 425 1
426 426 1
427 427 1
428 428 1
429 429 0.5
430 430 1
431 431 0
432 432 1
433 433 1
434 434 0.6667
435 435 1
436 436 1
437 437 1
438 438 0
439 439 1
440 440 1
441 441 1
442 442 0
443 443 0.6667
444 444 1
445 445 0
446 446 1
447 447 0
448 448 1
449 449 0
450 450 1
451 451 1
452 452 0
453 453 0.6667
454 454 0.6667
455 455 1
456 456 0
457 457 0
458 458 0
459 459 0
460 460 0
461 461 0.5
462 462 0
463 463 1
464 464 1
465 465 1
466 466 0.5
467 467 1
468 468 1
469 469 0
470 470 1
471 471 1
472 472 1
473 473 1
474 474 0.5
475 475 0.5
476 476 0.6667
477 477 0.5
478 478 1
479 479 0
480 480 1
481 481 1
482 482 1
483 483 1
484 484 0
485 485 1
486 486 0
487 487 1
488 488 1
489 489 0.5
490 490 1
491 491 1
492 492 1
493 493 1
494 494 1
495 495 0
496 496 0
497 497 0
498 498 0
499 499 1
500 500 0.5
501 501 1
502 502 1
503 503 0
504 504 1
505 505 1
506 506 0
507 507 1
508 508 0
509 509 1
510 510 1
511 511 1
512 512 0
513 513 0
514 514 1
515 515 0
516 516 0.6667
517 517 0.6667
518 518 0
519 519 1
520 520 1
521 521 0.5
522 522 1
523 523 1
524 524 0
525 525 0.6667
526 526 1
527 527 0
528 528 1
529 529 1
530 530 1
531 531 1
532 532 1
533 533 0
534 534 1
535 535 1
536 536 1
537 537 1
538 538 1
539 539 1
540 540 1
541 541 1
542 542 0
543 543 0
544 544 0
545 545 1
546 546 1
547 547 1
548 548 1
549 549 1
550 550 0.5
551 551 1
552 552 0
553 553 0.5
554 554 1
555 555 1
556 556 0
557 557 0
558 558 0
559 559 0
560 560 1
561 561 1
562 562 0
563 563 0.5
564 564 1
565 565 1
566 566 0
567 567 0.5
568 568 0
569 569 0
570 570 1
571 571 0
572 572 1
573 573 1
574 574 0
575 575 1
576 576 1
577 577 0
578 578 0
579 579 1
580 580 1
581 581 1
582 582 1
583 583 0.5
584 584 0
585 585 1
586 586 1
587 587 0.5
588 588 1
589 589 1
590 590 0
591 591 1
592 592 1
593 593 1
594 594 1
595 595 1
596 596 1
597 597 0
598 598 1
599 599 1
600 600 1
601 601 0
602 602 1
603 603 0
604 604 0
605 605 1
606 606 0
607 607 0
608 608 1
609 609 1
610 610 1
611 611 1
612 612 0
613 613 1
614 614 1
615 615 1
616 616 1
617 617 1
618 618 0
619 619 1
620 620 1
621 621 1
622 622 1
623 623 1
624 624 0