20 0.3833
9 0.3813
10 0.2778
3 0.2765
1 0.2626
12 0.2580
16 0.2194
23 0.2142
38 0.2137
21 0.2062
14 0.2061
48 0.1911
2 0.1900
27 0.1831
4 0.1794
7 0.1776
11 0.1709
62 0.1653
54 0.1575
28 0.1559
26 0.1534
42 0.1469
22 0.1405
37 0.1401
32 0.1367
80 0.1258
6 0.1190
74 0.1119
46 0.1017
83 0.1010
66 0.0967
5 0.0964
77 0.0956
58 0.0932
69 0.0877
47 0.0870
35 0.0847
15 0.0847
92 0.0836
44 0.0790
55 0.0732
84 0.0715
63 0.0709
97 0.0707
89 0.0704
68 0.0704
72 0.0673
8 0.0669
88 0.0643
96 0.0633
85 0.0608
19 0.0574
40 0.0569
45 0.0562
73 0.0547
100 0.0508
99 0.0479
86 0.0431
64 0.0427
78 0.0400
59 0.0378
75 0.0362
67 0.0357
65 0.0347
51 0.0332
56 0.0298
34 0.0287
33 0.0287
87 0.0282
13 0.0269
30 0.0265
49 0.0245
39 0.0177
93 0.0176
95 0.0144
94 0.0107
91 0.0083
24 0.0082
76 0.0082
25 0.0078
71 0.0052
79 0.0039
82 0.0033
52 0.0017
17 -0.0003
31 -0.0005
36 -0.0049
53 -0.0087
61 -0.0102
29 -0.0107
81 -0.0121
70 -0.0195
50 -0.0202
43 -0.0259
57 -0.0301
90 -0.0374
60 -0.0377
98 -0.0468
41 -0.0554
18 -0.0619
