132 1.8374
188 1.8372
257 1.7171
181 1.6737
343 1.6026
277 1.5459
309 1.4439
214 1.4344
182 1.3606
100 1.2878
44 1.2868
3 1.2699
156 1.2539
114 1.2424
50 1.2204
295 1.1745
240 1.1142
261 0.9170
98 0.8588
301 0.8567
12 0.8460
34 0.8362
468 0.8316
25 0.8300
418 0.7594
49 0.7583
122 0.7543
94 0.7496
359 0.7486
83 0.7464
445 0.7339
472 0.7314
61 0.7185
48 0.6968
99 0.6850
195 0.6695
15 0.6675
103 0.6585
280 0.6576
35 0.6525
482 0.6500
59 0.6484
302 0.6479
13 0.6415
10 0.6328
452 0.6320
310 0.6221
173 0.6169
164 0.6168
113 0.6161
93 0.6121
183 0.6033
51 0.6029
152 0.5973
331 0.5947
384 0.5895
336 0.5865
390 0.5830
39 0.5796
307 0.5697
138 0.5646
82 0.5611
175 0.5586
230 0.5557
290 0.5529
8 0.5521
151 0.5417
247 0.5410
21 0.5403
401 0.5368
429 0.5363
123 0.5338
312 0.5283
319 0.5235
180 0.5225
406 0.5223
316 0.5178
315 0.5168
330 0.5124
56 0.5097
90 0.5025
335 0.5005
291 0.4987
400 0.4964
265 0.4956
88 0.4838
353 0.4818
408 0.4787
272 0.4708
297 0.4684
36 0.4658
238 0.4647
86 0.4623
213 0.4619
387 0.4565
231 0.4543
186 0.4431
55 0.4349
344 0.4331
75 0.4328
160 0.4278
166 0.4274
456 0.4073
79 0.4060
339 0.4035
137 0.4028
394 0.4024
139 0.3915
155 0.3886
340 0.3830
60 0.3821
381 0.3813
102 0.3810
459 0.3791
486 0.3790
274 0.3728
267 0.3710
447 0.3667
461 0.3649
134 0.3647
73 0.3646
78 0.3586
104 0.3567
475 0.3510
33 0.3424
328 0.3419
72 0.3398
80 0.3393
120 0.3335
260 0.3333
467 0.3301
131 0.3261
399 0.3258
268 0.3211
76 0.3166
398 0.3149
167 0.3130
470 0.3095
422 0.3079
121 0.3078
356 0.3071
223 0.3042
135 0.2949
464 0.2934
338 0.2897
69 0.2847
465 0.2807
389 0.2778
58 0.2685
97 0.2668
161 0.2622
29 0.2617
347 0.2606
222 0.2579
24 0.2534
476 0.2523
145 0.2499
202 0.2495
45 0.2488
276 0.2462
18 0.2459
298 0.2446
363 0.2432
209 0.2412
30 0.2407
278 0.2392
393 0.2391
22 0.2381
299 0.2359
89 0.2352
162 0.2342
119 0.2333
211 0.2331
273 0.2330
451 0.2330
115 0.2308
396 0.2256
323 0.2254
74 0.2223
66 0.2222
440 0.2208
11 0.2187
264 0.2152
428 0.2143
391 0.2139
279 0.2088
436 0.2076
474 0.2033
402 0.2031
252 0.2005
210 0.1974
367 0.1959
345 0.1933
488 0.1931
225 0.1928
351 0.1923
194 0.1918
174 0.1902
141 0.1896
489 0.1869
193 0.1847
314 0.1813
466 0.1755
147 0.1739
281 0.1736
413 0.1734
366 0.1718
296 0.1697
485 0.1687
9 0.1673
128 0.1665
71 0.1654
227 0.1630
38 0.1626
81 0.1597
455 0.1595
251 0.1585
130 0.1571
192 0.1549
334 0.1489
417 0.1447
208 0.1445
229 0.1418
5 0.1389
427 0.1368
306 0.1350
256 0.1345
450 0.1344
386 0.1329
42 0.1303
53 0.1301
407 0.1276
62 0.1244
19 0.1174
246 0.1158
446 0.1151
473 0.1145
37 0.1133
57 0.1096
23 0.1081
150 0.1077
165 0.1065
217 0.1054
171 0.0972
77 0.0957
65 0.0939
46 0.0927
142 0.0908
54 0.0869
250 0.0854
101 0.0850
109 0.0847
479 0.0822
207 0.0812
248 0.0810
397 0.0806
133 0.0799
159 0.0774
432 0.0763
63 0.0736
411 0.0729
149 0.0676
443 0.0675
326 0.0667
370 0.0647
215 0.0639
118 0.0629
226 0.0624
170 0.0609
129 0.0601
348 0.0595
463 0.0591
374 0.0552
16 0.0533
43 0.0532
163 0.0517
259 0.0515
243 0.0496
221 0.0485
177 0.0442
185 0.0441
184 0.0413
187 0.0400
412 0.0376
263 0.0308
430 0.0254
253 0.0241
308 0.0224
305 0.0217
179 0.0216
410 0.0208
416 0.0193
220 0.0174
454 0.0173
424 0.0159
442 0.0156
4 0.0154
47 0.0142
403 0.0131
365 0.0109
483 0.0048
127 0.0010
271 -0.0083
158 -0.0091
329 -0.0108
105 -0.0151
405 -0.0190
361 -0.0247
199 -0.0251
85 -0.0284
31 -0.0315
371 -0.0317
322 -0.0324
172 -0.0329
70 -0.0390
349 -0.0396
255 -0.0397
95 -0.0489
484 -0.0492
304 -0.0494
157 -0.0567
148 -0.0585
219 -0.0704
236 -0.0715
140 -0.0725
453 -0.0727
237 -0.0763
154 -0.0777
144 -0.0817
358 -0.0850
26 -0.0868
377 -0.0909
146 -0.0919
362 -0.0963
117 -0.0978
68 -0.0981
425 -0.0994
433 -0.1043
235 -0.1047
421 -0.1061
232 -0.1100
126 -0.1106
27 -0.1157
439 -0.1171
92 -0.1187
350 -0.1227
368 -0.1250
106 -0.1270
346 -0.1286
244 -0.1294
409 -0.1321
490 -0.1336
96 -0.1411
245 -0.1423
379 -0.1432
266 -0.1448
282 -0.1461
198 -0.1466
480 -0.1485
471 -0.1485
325 -0.1493
254 -0.1513
6 -0.1514
320 -0.1536
327 -0.1541
286 -0.1601
239 -0.1623
84 -0.1633
91 -0.1674
168 -0.1728
28 -0.1750
41 -0.1766
249 -0.1836
369 -0.1863
332 -0.1902
1 -0.1905
317 -0.1974
294 -0.2019
415 -0.2098
124 -0.2122
125 -0.2133
52 -0.2183
242 -0.2261
434 -0.2312
107 -0.2334
275 -0.2362
87 -0.2379
458 -0.2400
457 -0.2427
241 -0.2528
395 -0.2562
426 -0.2579
419 -0.2582
321 -0.2599
383 -0.2666
7 -0.2673
283 -0.2714
14 -0.2732
111 -0.2732
203 -0.2788
293 -0.2801
448 -0.2816
32 -0.2835
201 -0.2873
234 -0.2895
20 -0.2924
200 -0.2944
64 -0.2980
212 -0.3003
204 -0.3024
420 -0.3026
258 -0.3175
196 -0.3195
205 -0.3219
169 -0.3222
364 -0.3238
228 -0.3248
469 -0.3366
112 -0.3572
218 -0.3596
352 -0.3610
285 -0.3620
373 -0.3630
110 -0.3646
206 -0.3651
324 -0.3671
477 -0.3705
189 -0.3737
2 -0.4036
337 -0.4092
224 -0.4109
67 -0.4172
385 -0.4247
375 -0.4276
284 -0.4343
136 -0.4358
357 -0.4470
108 -0.4496
269 -0.4500
378 -0.4561
382 -0.4596
191 -0.4654
388 -0.4864
462 -0.4912
342 -0.4992
176 -0.5094
233 -0.5348
289 -0.5604
262 -0.5670
143 -0.5809
216 -0.5846
431 -0.5860
288 -0.6044
460 -0.6105
116 -0.6230
313 -0.6239
292 -0.6370
178 -0.6472
270 -0.6532
380 -0.7244
40 -0.7498
311 -0.7598
318 -0.7631
300 -0.7658
372 -0.8026
287 -0.8166
376 -0.8670
444 -0.8827
355 -0.9401
435 -1.0121
487 -1.0205
441 -1.0250
333 -1.0285
423 -1.0750
354 -1.0851
481 -1.1723
17 -1.2147
392 -1.2224
303 -1.2694
438 -1.3078
478 -1.3088
449 -1.3329
414 -1.3735
341 -1.4476
437 -1.5403
360 -1.6652
153 -1.6953
197 -1.7917
404 -1.7957
190 -1.8505
