20 0.8807
63 0.8651
18 0.8159
61 0.6583
75 0.5079
60 0.4942
78 0.4169
79 0.3732
26 0.3726
53 0.3057
44 0.3042
8 0.2989
54 0.2901
35 0.2736
67 0.2581
57 0.2431
2 0.2323
13 0.2236
68 0.2210
32 0.2194
42 0.2184
19 0.2180
1 0.2173
10 0.2007
14 0.1969
45 0.1947
69 0.1854
64 0.1714
43 0.1584
72 0.1549
48 0.1524
25 0.1503
22 0.1466
27 0.1399
52 0.1388
7 0.1318
77 0.1242
12 0.1238
4 0.1096
5 0.1071
24 0.1068
36 0.1023
40 0.0956
6 0.0929
50 0.0854
41 0.0843
3 0.0791
39 0.0679
15 0.0614
9 0.0603
28 0.0453
29 0.0404
34 0.0378
47 0.0135
74 -0.0257
21 -0.0398
66 -0.0401
17 -0.0454
23 -0.0821
30 -0.1025
11 -0.1112
51 -0.1132
62 -0.1600
65 -0.1729
70 -0.1823
37 -0.2083
71 -0.2091
38 -0.2092
16 -0.2497
58 -0.2538
31 -0.2653
55 -0.2705
33 -0.2768
73 -0.2771
49 -0.3868
59 -0.4394
46 -0.5051
76 -0.5210
56 -0.8846
